6.886056647693162	24.0	9.0	0.0	0.0	0.0	0.0	0.0	33.0	13.0	0.0	0.0	0.0	0.0	0.0	2.0	0.0	0.0	0.0	0.0	0.0	0.0	0.0	34.0	18.0	0.0	0.0	0.0	0.0	0.0	1.0	0.0	0.0	0.0	34.0	12.0	0.0	0.0	0.0	0.0	0.0	0.0	33.0	9.0	0.0	0.0	0.0	0.0	0.0	0.0	0.0	0.0	30.0	5.0	0.0	0.0	0.0	0.0	1.0	0.0	0.0	24.0	8.0	0.0	0.0	0.0	0.0	0.0	0.0	0.0	20.0	6.0	0.0	0.0	0.0	0.0	0.0	2.0	0.0	17.0	9.0	0.0	0.0	0.0	0.0	0.0	0.0	17.0	7.0	0.0	0.0	0.0	0.0
6.045757490560675	27.0	15.0	0.0	0.0	0.0	0.0	0.0	41.0	18.0	0.0	0.0	0.0	0.0	0.0	2.0	0.0	0.0	0.0	0.0	0.0	0.0	0.0	44.0	20.0	0.0	0.0	0.0	0.0	0.0	2.0	0.0	0.0	0.0	42.0	16.0	0.0	0.0	0.0	0.0	0.0	0.0	43.0	13.0	0.0	0.0	0.0	0.0	0.0	0.0	0.0	0.0	41.0	8.0	0.0	0.0	0.0	0.0	2.0	0.0	0.0	34.0	14.0	0.0	0.0	0.0	0.0	0.0	0.0	0.0	30.0	12.0	0.0	0.0	0.0	0.0	0.0	2.0	0.0	28.0	12.0	0.0	0.0	0.0	0.0	1.0	0.0	26.0	12.0	0.0	0.0	0.0	0.0
7.173925197299173	21.0	9.0	0.0	0.0	0.0	0.0	0.0	28.0	13.0	0.0	4.0	0.0	0.0	0.0	2.0	0.0	0.0	0.0	0.0	0.0	0.0	0.0	27.0	16.0	0.0	4.0	0.0	0.0	0.0	1.0	0.0	0.0	0.0	28.0	12.0	0.0	3.0	0.0	0.0	0.0	0.0	30.0	8.0	0.0	0.0	0.0	0.0	0.0	0.0	0.0	0.0	27.0	5.0	0.0	0.0	0.0	0.0	1.0	0.0	0.0	21.0	6.0	0.0	0.0	0.0	0.0	0.0	0.0	0.0	16.0	6.0	0.0	3.0	0.0	0.0	0.0	2.0	0.0	14.0	8.0	0.0	3.0	0.0	0.0	0.0	0.0	15.0	7.0	0.0	0.0	0.0	0.0
6.040958607678906	29.0	12.0	0.0	0.0	0.0	0.0	0.0	41.0	16.0	0.0	0.0	0.0	0.0	0.0	2.0	0.0	0.0	0.0	0.0	0.0	0.0	0.0	42.0	21.0	0.0	0.0	0.0	0.0	0.0	1.0	0.0	0.0	0.0	43.0	14.0	0.0	0.0	0.0	0.0	0.0	0.0	43.0	12.0	0.0	0.0	0.0	0.0	0.0	0.0	0.0	0.0	42.0	6.0	0.0	0.0	0.0	0.0	2.0	0.0	0.0	34.0	12.0	0.0	0.0	0.0	0.0	0.0	0.0	0.0	30.0	10.0	0.0	0.0	0.0	0.0	0.0	2.0	0.0	27.0	12.0	0.0	0.0	0.0	0.0	0.0	0.0	27.0	9.0	0.0	0.0	0.0	0.0
7.346787486224656	26.0	8.0	4.0	0.0	0.0	0.0	1.0	35.0	13.0	6.0	0.0	0.0	0.0	0.0	1.0	2.0	0.0	0.0	1.0	0.0	0.0	0.0	36.0	12.0	8.0	0.0	0.0	0.0	0.0	1.0	0.0	0.0	0.0	32.0	12.0	8.0	0.0	0.0	0.0	0.0	1.0	37.0	9.0	5.0	0.0	0.0	0.0	0.0	0.0	0.0	0.0	36.0	7.0	4.0	0.0	0.0	0.0	0.0	0.0	2.0	29.0	5.0	4.0	0.0	0.0	0.0	0.0	0.0	0.0	23.0	5.0	6.0	0.0	0.0	0.0	0.0	0.0	0.0	19.0	4.0	5.0	0.0	0.0	0.0	0.0	0.0	19.0	4.0	6.0	0.0	0.0	0.0
7.468521082957745	25.0	8.0	4.0	0.0	0.0	0.0	1.0	33.0	12.0	6.0	0.0	0.0	0.0	0.0	1.0	2.0	0.0	0.0	1.0	0.0	0.0	0.0	32.0	12.0	6.0	0.0	0.0	0.0	0.0	1.0	1.0	0.0	0.0	31.0	12.0	7.0	0.0	0.0	0.0	0.0	0.0	34.0	9.0	3.0	0.0	0.0	0.0	0.0	0.0	0.0	2.0	31.0	7.0	5.0	0.0	0.0	0.0	0.0	0.0	0.0	28.0	5.0	7.0	0.0	0.0	0.0	0.0	0.0	0.0	22.0	5.0	3.0	0.0	0.0	0.0	0.0	0.0	0.0	18.0	4.0	5.0	0.0	0.0	0.0	0.0	0.0	17.0	4.0	5.0	0.0	0.0	0.0
7.356547323513813	27.0	8.0	4.0	0.0	0.0	0.0	1.0	36.0	13.0	6.0	0.0	0.0	0.0	0.0	1.0	2.0	0.0	0.0	1.0	0.0	0.0	0.0	37.0	12.0	8.0	0.0	0.0	0.0	0.0	1.0	0.0	0.0	0.0	33.0	12.0	8.0	0.0	0.0	0.0	0.0	1.0	37.0	9.0	4.0	0.0	0.0	0.0	0.0	0.0	0.0	0.0	36.0	7.0	4.0	0.0	0.0	0.0	0.0	0.0	2.0	32.0	4.0	5.0	0.0	0.0	0.0	0.0	0.0	0.0	25.0	5.0	6.0	0.0	0.0	0.0	0.0	0.0	0.0	20.0	5.0	3.0	0.0	0.0	0.0	0.0	0.0	19.0	4.0	5.0	0.0	0.0	0.0
7.327902142064282	24.0	7.0	1.0	0.0	0.0	0.0	1.0	30.0	13.0	3.0	0.0	0.0	0.0	0.0	1.0	0.0	0.0	0.0	0.0	0.0	0.0	0.0	32.0	11.0	3.0	0.0	0.0	0.0	0.0	1.0	0.0	0.0	0.0	30.0	9.0	1.0	0.0	0.0	0.0	0.0	1.0	28.0	9.0	1.0	0.0	0.0	0.0	0.0	0.0	0.0	0.0	28.0	7.0	2.0	0.0	0.0	0.0	0.0	0.0	0.0	27.0	4.0	2.0	0.0	0.0	0.0	0.0	0.0	0.0	20.0	5.0	1.0	0.0	0.0	0.0	0.0	0.0	0.0	14.0	5.0	1.0	0.0	0.0	0.0	0.0	0.0	13.0	4.0	1.0	0.0	0.0	0.0
7.823908740944319	25.0	7.0	1.0	0.0	0.0	0.0	1.0	31.0	14.0	3.0	0.0	0.0	0.0	0.0	1.0	0.0	0.0	0.0	0.0	0.0	0.0	0.0	34.0	11.0	3.0	0.0	0.0	0.0	0.0	1.0	0.0	0.0	0.0	32.0	9.0	2.0	0.0	0.0	0.0	0.0	1.0	29.0	9.0	1.0	0.0	0.0	0.0	0.0	0.0	0.0	0.0	29.0	7.0	2.0	0.0	0.0	0.0	0.0	0.0	0.0	28.0	4.0	2.0	0.0	0.0	0.0	0.0	0.0	0.0	22.0	5.0	1.0	0.0	0.0	0.0	0.0	0.0	0.0	16.0	5.0	1.0	0.0	0.0	0.0	0.0	0.0	14.0	4.0	1.0	0.0	0.0	0.0
7.619788758288393	28.0	11.0	5.0	0.0	0.0	0.0	1.0	39.0	15.0	7.0	0.0	0.0	0.0	0.0	1.0	3.0	0.0	0.0	1.0	0.0	0.0	0.0	41.0	12.0	10.0	0.0	0.0	0.0	0.0	2.0	1.0	0.0	0.0	35.0	16.0	10.0	0.0	0.0	0.0	0.0	1.0	41.0	11.0	3.0	0.0	0.0	0.0	2.0	0.0	0.0	2.0	37.0	9.0	9.0	0.0	0.0	0.0	0.0	0.0	1.0	33.0	8.0	10.0	0.0	0.0	0.0	0.0	1.0	0.0	32.0	6.0	6.0	0.0	0.0	0.0	0.0	0.0	0.0	26.0	6.0	4.0	0.0	0.0	0.0	0.0	0.0	23.0	5.0	6.0	0.0	0.0	0.0
7.468521082957745	26.0	8.0	3.0	0.0	0.0	0.0	1.0	33.0	14.0	6.0	0.0	0.0	0.0	0.0	1.0	0.0	0.0	0.0	0.0	0.0	0.0	0.0	36.0	12.0	4.0	0.0	0.0	0.0	0.0	1.0	1.0	0.0	0.0	35.0	9.0	3.0	0.0	0.0	0.0	0.0	2.0	32.0	9.0	6.0	0.0	0.0	0.0	0.0	0.0	0.0	0.0	31.0	7.0	6.0	0.0	0.0	0.0	0.0	0.0	0.0	30.0	4.0	5.0	0.0	0.0	0.0	0.0	0.0	1.0	23.0	5.0	3.0	0.0	0.0	0.0	0.0	0.0	0.0	18.0	5.0	3.0	0.0	0.0	0.0	0.0	0.0	18.0	4.0	3.0	0.0	0.0	0.0
7.552841968657781	22.0	10.0	1.0	0.0	0.0	0.0	1.0	28.0	17.0	1.0	0.0	0.0	0.0	0.0	1.0	0.0	0.0	0.0	0.0	0.0	0.0	0.0	32.0	12.0	1.0	0.0	0.0	0.0	0.0	2.0	1.0	0.0	0.0	31.0	10.0	1.0	0.0	0.0	0.0	0.0	1.0	27.0	11.0	2.0	0.0	0.0	0.0	0.0	0.0	0.0	0.0	27.0	9.0	1.0	0.0	0.0	0.0	0.0	0.0	0.0	27.0	5.0	1.0	0.0	0.0	0.0	0.0	0.0	0.0	21.0	6.0	1.0	0.0	0.0	0.0	0.0	0.0	0.0	15.0	6.0	2.0	0.0	0.0	0.0	0.0	0.0	12.0	6.0	2.0	0.0	0.0	0.0
7.721246399047171	22.0	10.0	0.0	0.0	0.0	0.0	1.0	28.0	17.0	0.0	0.0	0.0	0.0	0.0	1.0	0.0	0.0	0.0	0.0	0.0	0.0	0.0	32.0	12.0	0.0	0.0	0.0	0.0	0.0	2.0	0.0	0.0	0.0	31.0	10.0	0.0	0.0	0.0	0.0	0.0	0.0	27.0	11.0	0.0	0.0	0.0	0.0	0.0	0.0	0.0	0.0	27.0	9.0	0.0	0.0	0.0	0.0	0.0	0.0	0.0	27.0	5.0	0.0	0.0	0.0	0.0	0.0	0.0	0.0	21.0	6.0	0.0	0.0	0.0	0.0	0.0	0.0	0.0	15.0	6.0	0.0	0.0	0.0	0.0	0.0	0.0	12.0	6.0	0.0	0.0	0.0	0.0
7.481486060122112	22.0	12.0	1.0	0.0	0.0	0.0	1.0	29.0	18.0	1.0	0.0	0.0	0.0	0.0	1.0	1.0	0.0	0.0	0.0	0.0	0.0	0.0	35.0	11.0	2.0	0.0	0.0	0.0	0.0	3.0	1.0	0.0	0.0	31.0	13.0	2.0	0.0	0.0	0.0	0.0	0.0	27.0	14.0	0.0	0.0	0.0	0.0	1.0	0.0	0.0	0.0	28.0	9.0	1.0	0.0	0.0	0.0	1.0	0.0	0.0	28.0	6.0	1.0	0.0	0.0	0.0	0.0	0.0	0.0	21.0	7.0	1.0	0.0	0.0	0.0	0.0	0.0	0.0	16.0	7.0	1.0	0.0	0.0	0.0	0.0	0.0	15.0	7.0	2.0	0.0	0.0	0.0
7.420216403383192	22.0	10.0	2.0	0.0	0.0	0.0	1.0	29.0	17.0	1.0	0.0	0.0	0.0	0.0	1.0	0.0	0.0	0.0	0.0	0.0	0.0	0.0	33.0	12.0	1.0	0.0	0.0	0.0	0.0	2.0	1.0	0.0	0.0	32.0	11.0	1.0	0.0	0.0	0.0	0.0	1.0	28.0	12.0	2.0	0.0	0.0	0.0	0.0	0.0	0.0	0.0	29.0	9.0	1.0	0.0	0.0	0.0	0.0	0.0	0.0	28.0	5.0	1.0	0.0	0.0	0.0	0.0	0.0	0.0	22.0	6.0	1.0	0.0	0.0	0.0	0.0	0.0	0.0	16.0	6.0	2.0	0.0	0.0	0.0	0.0	0.0	14.0	6.0	2.0	0.0	0.0	0.0
7.481486060122112	22.0	14.0	0.0	0.0	0.0	0.0	1.0	33.0	18.0	0.0	0.0	0.0	0.0	0.0	1.0	0.0	0.0	0.0	0.0	0.0	0.0	0.0	37.0	13.0	0.0	0.0	0.0	0.0	0.0	3.0	0.0	0.0	0.0	33.0	15.0	0.0	0.0	0.0	0.0	1.0	0.0	32.0	15.0	0.0	0.0	0.0	0.0	0.0	0.0	0.0	0.0	32.0	10.0	0.0	0.0	0.0	0.0	0.0	0.0	0.0	30.0	6.0	0.0	0.0	0.0	0.0	0.0	0.0	0.0	24.0	7.0	0.0	0.0	0.0	0.0	0.0	0.0	0.0	19.0	8.0	0.0	0.0	0.0	0.0	0.0	0.0	18.0	8.0	0.0	0.0	0.0	0.0
8.154901959985743	24.0	11.0	0.0	0.0	0.0	0.0	4.0	32.0	19.0	0.0	0.0	0.0	0.0	0.0	4.0	0.0	0.0	0.0	0.0	0.0	0.0	0.0	34.0	20.0	0.0	0.0	0.0	0.0	0.0	1.0	0.0	0.0	0.0	32.0	18.0	0.0	0.0	0.0	0.0	0.0	0.0	30.0	14.0	0.0	0.0	0.0	2.0	0.0	0.0	0.0	0.0	28.0	11.0	0.0	0.0	0.0	0.0	2.0	0.0	0.0	29.0	8.0	0.0	0.0	0.0	0.0	0.0	0.0	0.0	23.0	8.0	0.0	0.0	0.0	0.0	0.0	0.0	0.0	18.0	8.0	0.0	0.0	0.0	0.0	0.0	0.0	15.0	11.0	0.0	0.0	0.0	0.0
8.0	23.0	13.0	2.0	0.0	0.0	0.0	1.0	31.0	19.0	2.0	0.0	0.0	0.0	0.0	1.0	1.0	0.0	0.0	0.0	0.0	0.0	0.0	37.0	12.0	4.0	0.0	0.0	0.0	0.0	3.0	2.0	0.0	0.0	33.0	14.0	4.0	0.0	0.0	0.0	0.0	1.0	31.0	14.0	2.0	0.0	0.0	0.0	1.0	0.0	0.0	0.0	30.0	10.0	3.0	0.0	0.0	0.0	1.0	0.0	0.0	29.0	7.0	1.0	0.0	0.0	0.0	0.0	1.0	0.0	23.0	7.0	2.0	0.0	0.0	0.0	0.0	0.0	0.0	18.0	7.0	2.0	0.0	0.0	0.0	0.0	0.0	17.0	7.0	3.0	0.0	0.0	0.0
7.292429823902062	25.0	13.0	2.0	0.0	0.0	0.0	1.0	33.0	20.0	3.0	0.0	0.0	0.0	0.0	1.0	1.0	0.0	0.0	0.0	0.0	0.0	0.0	37.0	12.0	5.0	0.0	0.0	0.0	0.0	3.0	2.0	0.0	0.0	33.0	15.0	4.0	0.0	0.0	0.0	0.0	1.0	33.0	14.0	2.0	0.0	0.0	0.0	1.0	0.0	0.0	0.0	32.0	10.0	3.0	0.0	0.0	0.0	1.0	0.0	0.0	29.0	8.0	1.0	0.0	0.0	0.0	0.0	1.0	0.0	24.0	7.0	2.0	0.0	0.0	0.0	0.0	0.0	0.0	19.0	7.0	2.0	0.0	0.0	0.0	0.0	0.0	18.0	7.0	3.0	0.0	0.0	0.0
7.455931955649724	21.0	10.0	0.0	0.0	0.0	0.0	1.0	27.0	16.0	0.0	0.0	0.0	0.0	0.0	1.0	0.0	0.0	0.0	0.0	0.0	0.0	0.0	31.0	11.0	0.0	0.0	0.0	0.0	0.0	2.0	0.0	0.0	0.0	29.0	10.0	0.0	0.0	0.0	0.0	0.0	0.0	26.0	11.0	0.0	0.0	0.0	0.0	0.0	0.0	0.0	0.0	26.0	9.0	0.0	0.0	0.0	0.0	0.0	0.0	0.0	26.0	5.0	0.0	0.0	0.0	0.0	0.0	0.0	0.0	19.0	6.0	0.0	0.0	0.0	0.0	0.0	0.0	0.0	13.0	6.0	0.0	0.0	0.0	0.0	0.0	0.0	11.0	6.0	0.0	0.0	0.0	0.0
7.522878745280337	21.0	11.0	1.0	0.0	0.0	0.0	1.0	29.0	16.0	1.0	0.0	0.0	0.0	0.0	1.0	1.0	0.0	0.0	0.0	0.0	0.0	0.0	33.0	11.0	3.0	0.0	0.0	0.0	0.0	2.0	0.0	0.0	0.0	29.0	11.0	3.0	0.0	0.0	0.0	0.0	0.0	27.0	11.0	2.0	0.0	0.0	0.0	1.0	0.0	0.0	0.0	27.0	9.0	3.0	0.0	0.0	0.0	0.0	0.0	0.0	27.0	5.0	1.0	0.0	0.0	0.0	0.0	0.0	0.0	20.0	6.0	1.0	0.0	0.0	0.0	0.0	0.0	0.0	15.0	6.0	1.0	0.0	0.0	0.0	0.0	0.0	13.0	6.0	2.0	0.0	0.0	0.0
7.091514981121351	24.0	11.0	4.0	0.0	0.0	0.0	1.0	33.0	16.0	4.0	0.0	0.0	0.0	0.0	1.0	3.0	0.0	0.0	1.0	0.0	0.0	0.0	36.0	12.0	8.0	0.0	0.0	0.0	0.0	2.0	0.0	0.0	0.0	31.0	14.0	10.0	0.0	0.0	0.0	0.0	0.0	35.0	11.0	2.0	0.0	0.0	0.0	3.0	0.0	0.0	0.0	33.0	10.0	5.0	0.0	0.0	0.0	0.0	0.0	0.0	28.0	8.0	3.0	0.0	0.0	0.0	0.0	0.0	2.0	24.0	6.0	4.0	0.0	0.0	0.0	0.0	0.0	0.0	19.0	6.0	6.0	0.0	0.0	0.0	0.0	0.0	17.0	6.0	6.0	0.0	0.0	0.0
7.267606240177032	21.0	7.0	2.0	0.0	0.0	0.0	1.0	26.0	13.0	3.0	0.0	0.0	0.0	0.0	1.0	0.0	0.0	0.0	0.0	0.0	0.0	0.0	27.0	11.0	4.0	0.0	0.0	0.0	0.0	1.0	0.0	0.0	0.0	26.0	9.0	3.0	0.0	0.0	0.0	0.0	0.0	27.0	8.0	1.0	0.0	0.0	0.0	1.0	0.0	0.0	0.0	27.0	7.0	1.0	0.0	0.0	0.0	0.0	0.0	0.0	22.0	5.0	2.0	0.0	0.0	0.0	0.0	0.0	0.0	16.0	2.0	1.0	0.0	0.0	0.0	0.0	0.0	3.0	10.0	4.0	3.0	0.0	0.0	0.0	0.0	0.0	10.0	4.0	3.0	0.0	0.0	0.0
7.657577319177793	25.0	10.0	4.0	0.0	0.0	0.0	1.0	32.0	17.0	6.0	0.0	0.0	0.0	0.0	1.0	1.0	0.0	0.0	0.0	0.0	0.0	0.0	33.0	12.0	9.0	0.0	0.0	0.0	0.0	2.0	2.0	0.0	0.0	31.0	13.0	7.0	0.0	0.0	0.0	0.0	1.0	35.0	10.0	4.0	0.0	0.0	0.0	1.0	0.0	0.0	0.0	33.0	8.0	5.0	0.0	0.0	0.0	0.0	0.0	0.0	26.0	6.0	4.0	0.0	0.0	0.0	0.0	0.0	1.0	21.0	2.0	4.0	0.0	0.0	0.0	0.0	0.0	4.0	15.0	5.0	7.0	0.0	0.0	0.0	0.0	0.0	17.0	6.0	6.0	0.0	0.0	0.0
7.721246399047171	23.0	6.0	2.0	0.0	0.0	0.0	1.0	28.0	13.0	3.0	0.0	0.0	0.0	0.0	1.0	0.0	0.0	0.0	0.0	0.0	0.0	0.0	28.0	12.0	4.0	0.0	0.0	0.0	0.0	1.0	0.0	0.0	0.0	27.0	9.0	3.0	0.0	0.0	0.0	0.0	0.0	27.0	9.0	2.0	0.0	0.0	0.0	0.0	0.0	0.0	0.0	28.0	6.0	1.0	0.0	0.0	0.0	0.0	1.0	0.0	24.0	4.0	2.0	0.0	0.0	0.0	0.0	0.0	0.0	18.0	2.0	1.0	0.0	0.0	0.0	0.0	0.0	3.0	11.0	5.0	3.0	0.0	0.0	0.0	0.0	0.0	11.0	4.0	3.0	0.0	0.0	0.0
7.455931955649724	26.0	11.0	2.0	0.0	3.0	0.0	1.0	36.0	17.0	6.0	0.0	0.0	4.0	0.0	1.0	0.0	0.0	0.0	0.0	0.0	0.0	0.0	44.0	12.0	4.0	0.0	0.0	0.0	0.0	2.0	1.0	0.0	0.0	39.0	11.0	2.0	0.0	0.0	0.0	0.0	1.0	35.0	12.0	7.0	0.0	0.0	0.0	0.0	0.0	0.0	0.0	31.0	13.0	5.0	0.0	0.0	0.0	0.0	1.0	0.0	35.0	8.0	1.0	0.0	0.0	0.0	0.0	1.0	0.0	34.0	6.0	2.0	0.0	0.0	0.0	0.0	0.0	0.0	23.0	9.0	2.0	0.0	0.0	0.0	0.0	0.0	19.0	9.0	2.0	0.0	0.0	0.0
7.267606240177032	27.0	9.0	4.0	0.0	0.0	0.0	1.0	33.0	17.0	6.0	0.0	0.0	0.0	0.0	1.0	1.0	0.0	0.0	0.0	0.0	0.0	0.0	33.0	13.0	8.0	0.0	0.0	0.0	0.0	2.0	2.0	0.0	0.0	32.0	12.0	7.0	0.0	0.0	0.0	0.0	1.0	34.0	11.0	5.0	0.0	0.0	0.0	0.0	0.0	0.0	0.0	36.0	8.0	4.0	0.0	0.0	0.0	0.0	1.0	0.0	30.0	5.0	6.0	0.0	0.0	0.0	0.0	0.0	0.0	22.0	3.0	3.0	0.0	0.0	0.0	0.0	0.0	3.0	16.0	5.0	6.0	0.0	0.0	0.0	0.0	1.0	16.0	5.0	7.0	0.0	0.0	0.0
6.958607314841776	22.0	11.0	5.0	0.0	0.0	0.0	1.0	30.0	16.0	6.0	0.0	0.0	0.0	0.0	1.0	2.0	0.0	0.0	1.0	0.0	0.0	0.0	34.0	11.0	7.0	0.0	0.0	0.0	0.0	2.0	1.0	0.0	0.0	28.0	14.0	10.0	0.0	0.0	0.0	0.0	0.0	32.0	11.0	3.0	0.0	0.0	0.0	2.0	0.0	0.0	0.0	32.0	9.0	3.0	0.0	0.0	0.0	0.0	1.0	0.0	25.0	8.0	5.0	0.0	0.0	0.0	0.0	0.0	0.0	23.0	3.0	1.0	0.0	0.0	0.0	0.0	0.0	3.0	15.0	6.0	6.0	0.0	0.0	0.0	0.0	0.0	11.0	6.0	10.0	0.0	0.0	0.0
7.356547323513813	22.0	7.0	3.0	0.0	0.0	0.0	1.0	27.0	13.0	6.0	0.0	0.0	0.0	0.0	1.0	0.0	0.0	0.0	0.0	0.0	0.0	0.0	29.0	11.0	6.0	0.0	0.0	0.0	0.0	1.0	0.0	0.0	0.0	27.0	9.0	3.0	0.0	0.0	0.0	0.0	1.0	25.0	9.0	4.0	0.0	0.0	0.0	0.0	0.0	0.0	0.0	27.0	6.0	3.0	0.0	0.0	0.0	0.0	1.0	0.0	25.0	4.0	4.0	0.0	0.0	0.0	0.0	0.0	0.0	19.0	2.0	2.0	0.0	0.0	0.0	0.0	0.0	3.0	11.0	5.0	4.0	0.0	0.0	0.0	0.0	0.0	10.0	4.0	4.0	0.0	0.0	0.0
7.229147988357855	20.0	10.0	4.0	0.0	0.0	0.0	1.0	26.0	17.0	4.0	0.0	0.0	0.0	0.0	1.0	0.0	0.0	0.0	0.0	0.0	0.0	0.0	31.0	11.0	3.0	0.0	0.0	0.0	0.0	2.0	2.0	0.0	0.0	29.0	11.0	4.0	0.0	0.0	0.0	0.0	1.0	25.0	12.0	5.0	0.0	0.0	0.0	0.0	0.0	0.0	0.0	27.0	8.0	3.0	0.0	0.0	0.0	0.0	1.0	0.0	26.0	5.0	2.0	0.0	0.0	0.0	0.0	0.0	1.0	20.0	3.0	3.0	0.0	0.0	0.0	0.0	0.0	3.0	13.0	6.0	5.0	0.0	0.0	0.0	0.0	0.0	11.0	6.0	5.0	0.0	0.0	0.0
6.928117992693875	21.0	11.0	1.0	0.0	0.0	0.0	2.0	26.0	20.0	2.0	0.0	0.0	0.0	0.0	1.0	0.0	0.0	0.0	0.0	0.0	0.0	0.0	27.0	18.0	0.0	0.0	0.0	0.0	0.0	1.0	1.0	0.0	0.0	32.0	11.0	1.0	0.0	0.0	0.0	2.0	0.0	27.0	15.0	1.0	0.0	0.0	0.0	0.0	0.0	0.0	0.0	24.0	12.0	2.0	0.0	0.0	0.0	0.0	0.0	0.0	23.0	8.0	0.0	0.0	0.0	0.0	0.0	2.0	0.0	20.0	4.0	1.0	0.0	0.0	0.0	0.0	3.0	0.0	13.0	8.0	2.0	0.0	0.0	0.0	3.0	0.0	10.0	13.0	2.0	0.0	0.0	0.0
7.67778070526608	21.0	12.0	0.0	0.0	0.0	0.0	2.0	26.0	22.0	0.0	0.0	0.0	0.0	0.0	1.0	0.0	0.0	0.0	0.0	0.0	0.0	0.0	27.0	18.0	0.0	0.0	0.0	0.0	0.0	2.0	0.0	0.0	0.0	32.0	12.0	0.0	0.0	0.0	0.0	2.0	0.0	27.0	16.0	0.0	0.0	0.0	0.0	0.0	0.0	0.0	0.0	24.0	14.0	0.0	0.0	0.0	0.0	0.0	0.0	0.0	23.0	8.0	0.0	0.0	0.0	0.0	2.0	0.0	0.0	20.0	5.0	0.0	0.0	0.0	0.0	0.0	3.0	0.0	13.0	10.0	0.0	0.0	0.0	0.0	3.0	0.0	10.0	15.0	0.0	0.0	0.0	0.0
7.585026652029183	23.0	12.0	0.0	0.0	0.0	0.0	2.0	29.0	23.0	0.0	0.0	0.0	0.0	0.0	1.0	0.0	0.0	0.0	0.0	0.0	0.0	0.0	30.0	21.0	0.0	0.0	0.0	0.0	0.0	1.0	0.0	0.0	0.0	34.0	11.0	0.0	0.0	0.0	0.0	3.0	0.0	30.0	16.0	0.0	0.0	0.0	0.0	0.0	0.0	0.0	0.0	26.0	15.0	0.0	0.0	0.0	0.0	0.0	0.0	0.0	24.0	12.0	0.0	0.0	0.0	0.0	0.0	0.0	0.0	23.0	4.0	0.0	0.0	0.0	0.0	0.0	5.0	0.0	17.0	9.0	0.0	0.0	0.0	0.0	3.0	0.0	13.0	15.0	0.0	0.0	0.0	0.0
7.366531544420414	21.0	13.0	0.0	0.0	0.0	0.0	2.0	27.0	23.0	0.0	0.0	0.0	0.0	0.0	1.0	0.0	0.0	0.0	0.0	0.0	0.0	0.0	30.0	18.0	0.0	0.0	0.0	0.0	0.0	2.0	0.0	0.0	0.0	33.0	12.0	0.0	0.0	0.0	0.0	2.0	0.0	29.0	16.0	0.0	0.0	0.0	0.0	0.0	0.0	0.0	0.0	24.0	16.0	0.0	0.0	0.0	0.0	0.0	0.0	0.0	24.0	8.0	0.0	0.0	0.0	0.0	2.0	0.0	0.0	22.0	5.0	0.0	0.0	0.0	0.0	0.0	3.0	0.0	15.0	10.0	0.0	0.0	0.0	0.0	3.0	0.0	11.0	15.0	0.0	0.0	0.0	0.0
7.420216403383192	26.0	11.0	4.0	0.0	0.0	0.0	3.0	34.0	21.0	6.0	0.0	0.0	0.0	0.0	2.0	2.0	0.0	0.0	1.0	0.0	0.0	0.0	35.0	20.0	8.0	0.0	0.0	0.0	0.0	1.0	0.0	0.0	0.0	32.0	21.0	8.0	0.0	0.0	0.0	0.0	2.0	35.0	19.0	3.0	0.0	0.0	0.0	2.0	0.0	0.0	0.0	33.0	14.0	3.0	0.0	0.0	0.0	1.0	0.0	2.0	30.0	8.0	5.0	0.0	0.0	0.0	2.0	0.0	0.0	26.0	7.0	7.0	0.0	0.0	0.0	0.0	3.0	2.0	19.0	12.0	1.0	0.0	0.0	0.0	3.0	4.0	16.0	17.0	3.0	0.0	0.0	3.0
7.113509274827518	20.0	13.0	0.0	0.0	0.0	0.0	3.0	25.0	24.0	0.0	0.0	0.0	0.0	0.0	2.0	0.0	0.0	0.0	0.0	0.0	0.0	0.0	29.0	18.0	0.0	0.0	0.0	0.0	0.0	3.0	0.0	0.0	0.0	29.0	16.0	0.0	0.0	0.0	0.0	2.0	0.0	25.0	20.0	0.0	0.0	0.0	0.0	0.0	0.0	0.0	0.0	23.0	16.0	0.0	0.0	0.0	0.0	1.0	0.0	0.0	23.0	9.0	0.0	0.0	0.0	0.0	2.0	0.0	0.0	21.0	6.0	0.0	0.0	0.0	0.0	0.0	3.0	0.0	13.0	12.0	0.0	0.0	0.0	0.0	3.0	0.0	10.0	13.0	0.0	0.0	0.0	3.0
7.130768280269022	22.0	9.0	2.0	0.0	0.0	0.0	2.0	28.0	17.0	2.0	0.0	0.0	0.0	0.0	1.0	2.0	0.0	0.0	0.0	0.0	0.0	0.0	28.0	17.0	4.0	0.0	0.0	0.0	0.0	1.0	0.0	0.0	0.0	26.0	17.0	4.0	0.0	0.0	0.0	0.0	0.0	27.0	13.0	1.0	0.0	0.0	1.0	1.0	0.0	0.0	0.0	27.0	9.0	1.0	0.0	0.0	0.0	1.0	0.0	0.0	26.0	6.0	1.0	0.0	0.0	0.0	0.0	0.0	0.0	18.0	8.0	2.0	0.0	0.0	0.0	0.0	0.0	0.0	13.0	5.0	1.0	0.0	0.0	0.0	3.0	3.0	10.0	8.0	3.0	0.0	0.0	3.0
8.301029995663981	24.0	12.0	4.0	0.0	0.0	0.0	2.0	32.0	20.0	4.0	0.0	0.0	0.0	0.0	1.0	3.0	0.0	0.0	0.0	0.0	0.0	0.0	34.0	18.0	8.0	0.0	0.0	0.0	0.0	2.0	2.0	0.0	0.0	31.0	20.0	8.0	0.0	0.0	0.0	0.0	1.0	33.0	15.0	4.0	0.0	0.0	1.0	1.0	0.0	0.0	0.0	31.0	11.0	5.0	0.0	0.0	0.0	1.0	0.0	0.0	29.0	9.0	3.0	0.0	0.0	0.0	0.0	1.0	1.0	21.0	10.0	5.0	0.0	0.0	0.0	0.0	1.0	2.0	17.0	8.0	3.0	0.0	0.0	0.0	4.0	4.0	16.0	10.0	6.0	0.0	0.0	3.0
7.823908740944319	24.0	8.0	2.0	0.0	0.0	0.0	2.0	30.0	17.0	2.0	0.0	0.0	0.0	0.0	1.0	2.0	0.0	0.0	0.0	0.0	0.0	0.0	29.0	18.0	4.0	0.0	0.0	0.0	0.0	1.0	0.0	0.0	0.0	27.0	17.0	4.0	0.0	0.0	0.0	0.0	0.0	27.0	15.0	2.0	0.0	0.0	0.0	0.0	0.0	0.0	0.0	28.0	9.0	1.0	0.0	0.0	0.0	1.0	1.0	0.0	27.0	6.0	1.0	0.0	0.0	0.0	1.0	0.0	0.0	20.0	7.0	2.0	0.0	0.0	0.0	0.0	0.0	0.0	15.0	5.0	1.0	0.0	0.0	0.0	3.0	3.0	11.0	9.0	3.0	0.0	0.0	3.0
7.886056647693162	23.0	11.0	0.0	0.0	0.0	0.0	1.0	30.0	18.0	0.0	0.0	0.0	0.0	0.0	1.0	0.0	0.0	0.0	0.0	0.0	0.0	0.0	37.0	11.0	0.0	0.0	0.0	0.0	0.0	2.0	0.0	0.0	0.0	33.0	11.0	0.0	0.0	0.0	0.0	0.0	0.0	27.0	13.0	0.0	0.0	0.0	0.0	0.0	0.0	0.0	0.0	29.0	9.0	0.0	0.0	0.0	0.0	0.0	0.0	0.0	29.0	5.0	0.0	0.0	0.0	0.0	0.0	0.0	0.0	22.0	6.0	0.0	0.0	0.0	0.0	0.0	0.0	0.0	17.0	6.0	0.0	0.0	0.0	0.0	0.0	0.0	17.0	6.0	0.0	0.0	0.0	0.0
5.13608262304214	24.0	13.0	0.0	0.0	0.0	0.0	0.0	34.0	16.0	0.0	0.0	0.0	0.0	0.0	2.0	0.0	0.0	0.0	0.0	0.0	0.0	0.0	37.0	13.0	0.0	0.0	0.0	0.0	0.0	2.0	0.0	0.0	0.0	31.0	17.0	0.0	0.0	0.0	0.0	0.0	0.0	34.0	12.0	0.0	0.0	0.0	0.0	0.0	0.0	0.0	0.0	34.0	10.0	0.0	0.0	0.0	0.0	0.0	0.0	0.0	39.0	5.0	0.0	0.0	0.0	0.0	0.0	0.0	0.0	28.0	6.0	0.0	0.0	0.0	0.0	0.0	0.0	0.0	20.0	4.0	0.0	0.0	0.0	0.0	1.0	0.0	18.0	7.0	0.0	0.0	0.0	0.0
5.612610173661269	23.0	13.0	0.0	0.0	0.0	0.0	0.0	33.0	16.0	0.0	0.0	0.0	0.0	0.0	2.0	0.0	0.0	0.0	0.0	0.0	0.0	0.0	35.0	15.0	0.0	0.0	0.0	0.0	0.0	2.0	0.0	0.0	0.0	34.0	13.0	0.0	0.0	0.0	0.0	0.0	0.0	30.0	13.0	0.0	0.0	0.0	0.0	0.0	0.0	0.0	0.0	35.0	8.0	0.0	0.0	0.0	0.0	0.0	0.0	0.0	32.0	5.0	0.0	0.0	0.0	0.0	0.0	0.0	0.0	23.0	6.0	0.0	0.0	0.0	0.0	0.0	0.0	0.0	19.0	4.0	0.0	0.0	0.0	0.0	1.0	0.0	17.0	7.0	0.0	0.0	0.0	0.0
6.1191864077192095	23.0	13.0	0.0	0.0	0.0	0.0	0.0	32.0	16.0	0.0	0.0	0.0	0.0	0.0	2.0	0.0	0.0	0.0	0.0	0.0	0.0	0.0	36.0	13.0	0.0	0.0	0.0	0.0	0.0	2.0	0.0	0.0	0.0	31.0	15.0	0.0	0.0	0.0	0.0	0.0	0.0	31.0	12.0	0.0	0.0	0.0	0.0	0.0	0.0	0.0	0.0	32.0	9.0	0.0	0.0	0.0	0.0	0.0	0.0	0.0	34.0	5.0	0.0	0.0	0.0	0.0	0.0	0.0	0.0	25.0	6.0	0.0	0.0	0.0	0.0	0.0	0.0	0.0	19.0	4.0	0.0	0.0	0.0	0.0	1.0	0.0	17.0	7.0	0.0	0.0	0.0	0.0
6.958607314841776	22.0	13.0	0.0	0.0	0.0	0.0	0.0	31.0	16.0	0.0	0.0	0.0	0.0	0.0	2.0	0.0	0.0	0.0	0.0	0.0	0.0	0.0	35.0	13.0	0.0	0.0	0.0	0.0	0.0	2.0	0.0	0.0	0.0	31.0	13.0	0.0	0.0	0.0	0.0	0.0	0.0	28.0	12.0	0.0	0.0	0.0	0.0	0.0	0.0	0.0	0.0	30.0	8.0	0.0	0.0	0.0	0.0	0.0	0.0	0.0	29.0	5.0	0.0	0.0	0.0	0.0	0.0	0.0	0.0	22.0	6.0	0.0	0.0	0.0	0.0	0.0	0.0	0.0	18.0	4.0	0.0	0.0	0.0	0.0	1.0	0.0	16.0	7.0	0.0	0.0	0.0	0.0
6.3872161432802645	21.0	13.0	0.0	0.0	0.0	0.0	0.0	30.0	16.0	0.0	0.0	0.0	0.0	0.0	2.0	0.0	0.0	0.0	0.0	0.0	0.0	0.0	35.0	11.0	0.0	0.0	0.0	0.0	0.0	2.0	0.0	0.0	0.0	28.0	13.0	0.0	0.0	0.0	0.0	0.0	0.0	26.0	11.0	0.0	0.0	0.0	0.0	0.0	0.0	0.0	0.0	25.0	8.0	0.0	0.0	0.0	0.0	0.0	0.0	0.0	26.0	5.0	0.0	0.0	0.0	0.0	0.0	0.0	0.0	21.0	6.0	0.0	0.0	0.0	0.0	0.0	0.0	0.0	17.0	4.0	0.0	0.0	0.0	0.0	1.0	0.0	15.0	7.0	0.0	0.0	0.0	0.0
5.040958607678906	20.0	13.0	0.0	0.0	0.0	0.0	0.0	28.0	15.0	0.0	0.0	0.0	0.0	0.0	2.0	0.0	0.0	0.0	0.0	0.0	0.0	0.0	31.0	12.0	0.0	0.0	0.0	0.0	0.0	2.0	0.0	0.0	0.0	28.0	10.0	0.0	0.0	0.0	0.0	0.0	0.0	24.0	11.0	0.0	0.0	0.0	0.0	0.0	0.0	0.0	0.0	26.0	8.0	0.0	0.0	0.0	0.0	0.0	0.0	0.0	24.0	5.0	0.0	0.0	0.0	0.0	0.0	0.0	0.0	18.0	6.0	0.0	0.0	0.0	0.0	0.0	0.0	0.0	16.0	4.0	0.0	0.0	0.0	0.0	1.0	0.0	14.0	7.0	0.0	0.0	0.0	0.0
4.935542010773082	22.0	13.0	0.0	0.0	0.0	0.0	0.0	31.0	16.0	0.0	0.0	0.0	0.0	0.0	2.0	0.0	0.0	0.0	0.0	0.0	0.0	0.0	37.0	12.0	0.0	0.0	0.0	0.0	0.0	1.0	0.0	0.0	0.0	32.0	11.0	0.0	0.0	0.0	0.0	1.0	0.0	29.0	11.0	0.0	0.0	0.0	0.0	0.0	0.0	0.0	0.0	30.0	8.0	0.0	0.0	0.0	0.0	0.0	0.0	0.0	28.0	6.0	0.0	0.0	0.0	0.0	0.0	0.0	0.0	21.0	7.0	0.0	0.0	0.0	0.0	0.0	0.0	0.0	18.0	4.0	0.0	0.0	0.0	0.0	1.0	0.0	16.0	7.0	0.0	0.0	0.0	0.0
7.301029995663981	19.0	12.0	1.0	0.0	0.0	0.0	0.0	28.0	12.0	1.0	0.0	0.0	0.0	0.0	2.0	1.0	0.0	0.0	0.0	0.0	0.0	0.0	23.0	15.0	2.0	0.0	0.0	0.0	0.0	0.0	0.0	0.0	0.0	28.0	10.0	3.0	0.0	0.0	0.0	1.0	0.0	30.0	11.0	3.0	0.0	0.0	0.0	0.0	0.0	0.0	0.0	35.0	4.0	1.0	0.0	0.0	0.0	2.0	1.0	0.0	28.0	12.0	3.0	0.0	0.0	0.0	0.0	0.0	0.0	17.0	7.0	0.0	0.0	0.0	0.0	0.0	1.0	1.0	12.0	10.0	2.0	0.0	0.0	0.0	0.0	0.0	14.0	5.0	2.0	0.0	0.0	1.0
6.698970004336019	22.0	13.0	1.0	0.0	0.0	0.0	2.0	30.0	19.0	2.0	0.0	0.0	0.0	0.0	3.0	0.0	0.0	0.0	0.0	0.0	0.0	0.0	26.0	21.0	2.0	0.0	0.0	0.0	0.0	0.0	0.0	0.0	0.0	30.0	15.0	0.0	0.0	0.0	0.0	2.0	1.0	33.0	14.0	1.0	0.0	0.0	2.0	0.0	0.0	0.0	0.0	35.0	13.0	1.0	0.0	0.0	0.0	1.0	0.0	0.0	29.0	17.0	1.0	0.0	0.0	0.0	1.0	0.0	0.0	19.0	11.0	1.0	0.0	0.0	0.0	0.0	2.0	1.0	16.0	13.0	0.0	0.0	0.0	0.0	1.0	2.0	17.0	12.0	1.0	0.0	0.0	2.0
6.795880017344077	19.0	12.0	1.0	0.0	0.0	0.0	0.0	29.0	11.0	1.0	0.0	0.0	0.0	0.0	2.0	1.0	0.0	0.0	0.0	0.0	0.0	0.0	23.0	15.0	3.0	0.0	0.0	0.0	0.0	0.0	0.0	0.0	0.0	27.0	11.0	3.0	0.0	0.0	0.0	1.0	0.0	31.0	9.0	2.0	0.0	0.0	1.0	0.0	0.0	0.0	0.0	32.0	9.0	2.0	0.0	0.0	0.0	0.0	0.0	0.0	32.0	7.0	0.0	0.0	0.0	0.0	1.0	2.0	0.0	17.0	8.0	4.0	0.0	0.0	0.0	0.0	0.0	0.0	15.0	6.0	2.0	0.0	0.0	0.0	1.0	1.0	11.0	9.0	5.0	0.0	0.0	0.0
6.481486060122112	22.0	13.0	0.0	0.0	0.0	0.0	0.0	32.0	15.0	0.0	0.0	0.0	0.0	0.0	2.0	0.0	0.0	0.0	0.0	0.0	0.0	0.0	33.0	12.0	0.0	0.0	0.0	0.0	0.0	1.0	0.0	0.0	0.0	33.0	10.0	0.0	0.0	0.0	0.0	1.0	0.0	31.0	13.0	0.0	0.0	0.0	0.0	0.0	0.0	0.0	0.0	37.0	8.0	0.0	0.0	0.0	0.0	0.0	0.0	0.0	36.0	9.0	0.0	0.0	0.0	0.0	0.0	0.0	0.0	22.0	7.0	0.0	0.0	0.0	0.0	0.0	0.0	0.0	19.0	4.0	0.0	0.0	0.0	0.0	1.0	0.0	17.0	7.0	0.0	0.0	0.0	0.0
5.318758762624412	25.0	13.0	0.0	3.0	0.0	3.0	0.0	37.0	13.0	0.0	0.0	3.0	0.0	3.0	2.0	0.0	0.0	0.0	0.0	3.0	3.0	3.0	33.0	16.0	0.0	0.0	3.0	0.0	3.0	0.0	0.0	3.0	3.0	37.0	7.0	0.0	0.0	6.0	6.0	2.0	0.0	35.0	13.0	0.0	0.0	0.0	0.0	0.0	6.0	6.0	0.0	37.0	10.0	0.0	6.0	0.0	6.0	0.0	0.0	0.0	33.0	10.0	0.0	6.0	0.0	6.0	0.0	0.0	0.0	24.0	6.0	0.0	0.0	15.0	0.0	15.0	0.0	0.0	21.0	4.0	0.0	0.0	6.0	6.0	1.0	0.0	18.0	8.0	0.0	3.0	3.0	0.0
5.527243550682788	24.0	16.0	0.0	0.0	0.0	0.0	0.0	39.0	12.0	0.0	0.0	0.0	0.0	0.0	4.0	0.0	0.0	0.0	0.0	0.0	0.0	0.0	31.0	22.0	0.0	0.0	0.0	0.0	0.0	0.0	0.0	0.0	0.0	41.0	6.0	0.0	0.0	0.0	0.0	3.0	0.0	35.0	17.0	0.0	0.0	0.0	0.0	0.0	0.0	0.0	0.0	39.0	12.0	0.0	0.0	0.0	0.0	0.0	0.0	0.0	32.0	15.0	0.0	0.0	0.0	0.0	0.0	0.0	0.0	32.0	8.0	0.0	0.0	0.0	0.0	0.0	0.0	0.0	24.0	5.0	0.0	0.0	0.0	0.0	1.0	0.0	19.0	9.0	0.0	0.0	0.0	0.0
6.420216403383192	25.0	13.0	0.0	0.0	0.0	0.0	0.0	36.0	14.0	0.0	0.0	0.0	0.0	0.0	2.0	0.0	0.0	0.0	0.0	0.0	0.0	0.0	33.0	16.0	0.0	0.0	0.0	0.0	0.0	0.0	0.0	0.0	0.0	38.0	6.0	0.0	0.0	0.0	0.0	2.0	0.0	35.0	13.0	0.0	0.0	0.0	0.0	0.0	0.0	0.0	0.0	37.0	10.0	0.0	0.0	0.0	0.0	0.0	0.0	0.0	33.0	10.0	0.0	0.0	0.0	0.0	0.0	0.0	0.0	24.0	6.0	0.0	0.0	0.0	0.0	0.0	0.0	0.0	21.0	4.0	0.0	0.0	0.0	0.0	1.0	0.0	18.0	8.0	0.0	0.0	0.0	0.0
6.3872161432802645	24.0	13.0	2.0	0.0	0.0	0.0	0.0	37.0	12.0	0.0	0.0	0.0	0.0	0.0	2.0	2.0	0.0	0.0	0.0	0.0	0.0	0.0	31.0	18.0	2.0	0.0	0.0	0.0	0.0	0.0	0.0	0.0	0.0	39.0	5.0	1.0	0.0	0.0	0.0	2.0	1.0	34.0	14.0	2.0	0.0	0.0	0.0	0.0	0.0	0.0	0.0	37.0	10.0	2.0	0.0	0.0	0.0	0.0	0.0	0.0	30.0	10.0	5.0	0.0	0.0	0.0	0.0	0.0	0.0	27.0	6.0	2.0	0.0	0.0	0.0	0.0	0.0	0.0	22.0	4.0	1.0	0.0	0.0	0.0	1.0	0.0	18.0	8.0	1.0	0.0	0.0	0.0
6.154901959985742	26.0	13.0	0.0	0.0	0.0	0.0	0.0	37.0	15.0	0.0	0.0	0.0	0.0	0.0	2.0	0.0	0.0	0.0	0.0	0.0	0.0	0.0	35.0	16.0	0.0	0.0	0.0	0.0	0.0	0.0	0.0	0.0	0.0	39.0	8.0	0.0	0.0	0.0	0.0	2.0	0.0	37.0	13.0	0.0	0.0	0.0	0.0	0.0	0.0	0.0	0.0	39.0	10.0	0.0	0.0	0.0	0.0	0.0	0.0	0.0	38.0	10.0	0.0	0.0	0.0	0.0	0.0	0.0	0.0	26.0	6.0	0.0	0.0	0.0	0.0	0.0	0.0	0.0	22.0	4.0	0.0	0.0	0.0	0.0	1.0	0.0	19.0	8.0	0.0	0.0	0.0	0.0
6.443697499232713	24.0	13.0	0.0	0.0	0.0	1.0	0.0	36.0	12.0	0.0	0.0	0.0	0.0	0.0	2.0	0.0	2.0	2.0	0.0	0.0	0.0	0.0	31.0	16.0	0.0	0.0	0.0	2.0	2.0	0.0	0.0	0.0	0.0	37.0	5.0	0.0	0.0	0.0	1.0	2.0	0.0	33.0	13.0	0.0	2.0	2.0	0.0	0.0	0.0	0.0	0.0	35.0	10.0	0.0	0.0	2.0	2.0	0.0	0.0	0.0	28.0	10.0	0.0	0.0	5.0	5.0	0.0	0.0	0.0	22.0	6.0	0.0	0.0	0.0	2.0	2.0	0.0	0.0	20.0	4.0	0.0	0.0	0.0	1.0	1.0	0.0	17.0	8.0	0.0	0.0	1.0	0.0
6.096910013008058	22.0	13.0	0.0	0.0	0.0	0.0	0.0	32.0	15.0	0.0	0.0	0.0	0.0	0.0	2.0	0.0	0.0	0.0	0.0	0.0	0.0	0.0	33.0	12.0	0.0	0.0	0.0	0.0	0.0	1.0	0.0	0.0	0.0	33.0	10.0	0.0	0.0	0.0	0.0	1.0	0.0	31.0	13.0	0.0	0.0	0.0	0.0	0.0	0.0	0.0	0.0	37.0	8.0	0.0	0.0	0.0	0.0	0.0	0.0	0.0	36.0	9.0	0.0	0.0	0.0	0.0	0.0	0.0	0.0	22.0	7.0	0.0	0.0	0.0	0.0	0.0	0.0	0.0	19.0	4.0	0.0	0.0	0.0	0.0	1.0	0.0	17.0	7.0	0.0	0.0	0.0	0.0
6.853871964321763	20.0	13.0	0.0	0.0	0.0	1.0	0.0	31.0	12.0	0.0	0.0	0.0	0.0	0.0	2.0	0.0	2.0	2.0	0.0	0.0	0.0	0.0	29.0	12.0	0.0	0.0	0.0	2.0	2.0	1.0	0.0	0.0	0.0	31.0	7.0	0.0	0.0	0.0	1.0	1.0	0.0	27.0	13.0	0.0	2.0	2.0	0.0	0.0	0.0	0.0	0.0	33.0	8.0	0.0	0.0	2.0	2.0	0.0	0.0	0.0	26.0	9.0	0.0	0.0	5.0	5.0	0.0	0.0	0.0	18.0	7.0	0.0	0.0	0.0	2.0	2.0	0.0	0.0	17.0	4.0	0.0	0.0	0.0	1.0	1.0	0.0	15.0	7.0	0.0	0.0	1.0	0.0
6.522878745280337	20.0	13.0	2.0	0.0	0.0	0.0	0.0	32.0	12.0	0.0	0.0	0.0	0.0	0.0	2.0	2.0	0.0	0.0	0.0	0.0	0.0	0.0	29.0	14.0	2.0	0.0	0.0	0.0	0.0	1.0	0.0	0.0	0.0	33.0	7.0	1.0	0.0	0.0	0.0	1.0	1.0	28.0	14.0	2.0	0.0	0.0	0.0	0.0	0.0	0.0	0.0	35.0	8.0	2.0	0.0	0.0	0.0	0.0	0.0	0.0	28.0	9.0	5.0	0.0	0.0	0.0	0.0	0.0	0.0	23.0	7.0	2.0	0.0	0.0	0.0	0.0	0.0	0.0	19.0	4.0	1.0	0.0	0.0	0.0	1.0	0.0	16.0	7.0	1.0	0.0	0.0	0.0
6.309803919971486	21.0	14.0	0.0	0.0	0.0	0.0	0.0	31.0	15.0	0.0	0.0	0.0	0.0	0.0	2.0	0.0	0.0	0.0	0.0	0.0	0.0	0.0	31.0	12.0	0.0	0.0	0.0	0.0	0.0	3.0	0.0	0.0	0.0	32.0	10.0	0.0	0.0	0.0	0.0	1.0	0.0	29.0	14.0	0.0	0.0	0.0	1.0	0.0	0.0	0.0	0.0	35.0	10.0	0.0	0.0	0.0	0.0	0.0	0.0	0.0	31.0	11.0	0.0	0.0	0.0	0.0	0.0	0.0	0.0	20.0	12.0	0.0	0.0	0.0	0.0	0.0	0.0	0.0	18.0	6.0	0.0	0.0	0.0	0.0	1.0	0.0	16.0	8.0	0.0	0.0	0.0	0.0
5.714442690992228	25.0	14.0	0.0	0.0	0.0	0.0	0.0	36.0	15.0	0.0	0.0	0.0	0.0	0.0	2.0	0.0	0.0	0.0	0.0	0.0	0.0	0.0	33.0	16.0	0.0	0.0	0.0	0.0	0.0	2.0	0.0	0.0	0.0	38.0	8.0	0.0	0.0	0.0	0.0	2.0	0.0	35.0	14.0	0.0	0.0	0.0	1.0	0.0	0.0	0.0	0.0	37.0	12.0	0.0	0.0	0.0	0.0	0.0	0.0	0.0	33.0	12.0	0.0	0.0	0.0	0.0	0.0	0.0	0.0	24.0	11.0	0.0	0.0	0.0	0.0	0.0	0.0	0.0	21.0	6.0	0.0	0.0	0.0	0.0	1.0	0.0	18.0	9.0	0.0	0.0	0.0	0.0
